BASIS Title
#BASIS SET: STO-3G

H1	1.0
H2	1.0
H3	1.0
H4	1.0
H5	1.0
H6	1.0
H7	1.0
H8	1.0
H9	1.0
H10	1.0

H1     3       
      3.42525091             0.15432897       
      0.62391373             0.53532814       
      0.16885540             0.44463454 
H2     3       
      3.42525091             0.15432897       
      0.62391373             0.53532814       
      0.16885540             0.44463454 
H3     3       
      3.42525091             0.15432897       
      0.62391373             0.53532814       
      0.16885540             0.44463454 
H4     3       
      3.42525091             0.15432897       
      0.62391373             0.53532814       
      0.16885540             0.44463454 
H5     3       
      3.42525091             0.15432897       
      0.62391373             0.53532814       
      0.16885540             0.44463454 
H6     3       
      3.42525091             0.15432897       
      0.62391373             0.53532814       
      0.16885540             0.44463454 
H7     3       
      3.42525091             0.15432897       
      0.62391373             0.53532814       
      0.16885540             0.44463454 
H8     3       
      3.42525091             0.15432897       
      0.62391373             0.53532814       
      0.16885540             0.44463454 
H9     3       
      3.42525091             0.15432897       
      0.62391373             0.53532814       
      0.16885540             0.44463454 
H10     3       
      3.42525091             0.15432897       
      0.62391373             0.53532814       
      0.16885540             0.44463454 
