BASIS Title
#BASIS SET: 1s AO from cc-pVTZ

H1	1.0
H2	1.0
H3	1.0
H4	1.0
H5	1.0
H6	1.0
H7	1.0
H8	1.0
H9	1.0
H10	1.0

H1     5   
      33.8700000              0.0060680              
      5.0950000              0.0453080               
      1.1590000              0.2028220              
      0.3258000              0.5039030               
      0.1027000              0.3834210             
H2     5      
     33.8700000              0.0060680              
      5.0950000              0.0453080               
      1.1590000              0.2028220              
      0.3258000              0.5039030               
      0.1027000              0.3834210                   
H3     5      
     33.8700000              0.0060680              
      5.0950000              0.0453080               
      1.1590000              0.2028220              
      0.3258000              0.5039030               
      0.1027000              0.3834210                 
H4     5     
     33.8700000              0.0060680              
      5.0950000              0.0453080               
      1.1590000              0.2028220              
      0.3258000              0.5039030               
      0.1027000              0.3834210                   
H5     5       
     33.8700000              0.0060680              
      5.0950000              0.0453080               
      1.1590000              0.2028220              
      0.3258000              0.5039030               
      0.1027000              0.3834210                    
H6     5       
     33.8700000              0.0060680              
      5.0950000              0.0453080               
      1.1590000              0.2028220              
      0.3258000              0.5039030               
      0.1027000              0.3834210                    
H7     5       
     33.8700000              0.0060680              
      5.0950000              0.0453080               
      1.1590000              0.2028220              
      0.3258000              0.5039030               
      0.1027000              0.3834210                    
H8     5      
     33.8700000              0.0060680              
      5.0950000              0.0453080               
      1.1590000              0.2028220              
      0.3258000              0.5039030               
      0.1027000              0.3834210                       
H9     5       
     33.8700000              0.0060680              
      5.0950000              0.0453080               
      1.1590000              0.2028220              
      0.3258000              0.5039030               
      0.1027000              0.3834210                   
H10    5       
     33.8700000              0.0060680              
      5.0950000              0.0453080               
      1.1590000              0.2028220              
      0.3258000              0.5039030               
      0.1027000              0.3834210                   
