BASIS Title
#BASIS SET: 6-31++G

H1	1.0
H2	1.0
H3	1.0
H4	1.0
H5	1.0
H6	1.0
H7	1.0
H8	1.0
H9	1.0
H10	1.0

H1    3
     18.7311370              0.03349460       
      2.8253937              0.23472695       
      0.6401217              0.81375733       
H1    1
      0.1612778              1.0000000        
H1    1
      0.0360000              1.0000000             
H2    3
     18.7311370              0.03349460       
      2.8253937              0.23472695       
      0.6401217              0.81375733       
H2    1
      0.1612778              1.0000000        
H2    1
      0.0360000              1.0000000  
H3    3
     18.7311370              0.03349460       
      2.8253937              0.23472695       
      0.6401217              0.81375733       
H3    1
      0.1612778              1.0000000        
H3    1
      0.0360000              1.0000000           
H4    3
     18.7311370              0.03349460       
      2.8253937              0.23472695       
      0.6401217              0.81375733       
H4    1
      0.1612778              1.0000000        
H4    1
      0.0360000              1.0000000
H5    3
     18.7311370              0.03349460       
      2.8253937              0.23472695       
      0.6401217              0.81375733       
H5    1
      0.1612778              1.0000000        
H5    1
      0.0360000              1.0000000
H6    3
     18.7311370              0.03349460       
      2.8253937              0.23472695       
      0.6401217              0.81375733       
H6    1
      0.1612778              1.0000000        
H6    1
      0.0360000              1.0000000
H7    3
     18.7311370              0.03349460       
      2.8253937              0.23472695       
      0.6401217              0.81375733       
H7    1
      0.1612778              1.0000000        
H7    1
      0.0360000              1.0000000
H8    3
     18.7311370              0.03349460       
      2.8253937              0.23472695       
      0.6401217              0.81375733       
H8    1
      0.1612778              1.0000000        
H8    1
      0.0360000              1.0000000
H9    3
     18.7311370              0.03349460       
      2.8253937              0.23472695       
      0.6401217              0.81375733       
H9    1
      0.1612778              1.0000000        
H9    1
      0.0360000              1.0000000
H10    3
     18.7311370              0.03349460       
      2.8253937              0.23472695       
      0.6401217              0.81375733       
H10    1
      0.1612778              1.0000000        
H10    1
      0.0360000              1.0000000