
 Diagonalized Gama:
 -0.14017791E-15  0.00000000E+00  0.00000000E+00  0.00000000E+00  0.00000000E+00
  0.00000000E+00  0.85857850E-17  0.00000000E+00  0.00000000E+00  0.00000000E+00
  0.00000000E+00  0.00000000E+00  0.45854102E-16  0.00000000E+00  0.00000000E+00
  0.00000000E+00  0.00000000E+00  0.00000000E+00  0.25747564E-15  0.00000000E+00
  0.00000000E+00  0.00000000E+00  0.00000000E+00  0.00000000E+00  0.84814617E+00

 Localized Orbitals:
     -0.10837465      0.00849856     -0.09080319     -0.17855763      0.54291845
     -0.31847355     -0.27709936      0.17110792      0.12548921      0.35138420
      0.02820477     -0.37313692      0.25168421      0.37859499      0.00000000
      0.48614968     -0.24831524      0.11903122      0.12853491     -0.13421682
      0.43785857     -0.05911231      0.05807816     -0.38486142     -0.00000000
     -0.05866314      0.06034465      0.23800489     -0.52075540      0.10858369
     -0.34672851      0.13499710      0.44599508     -0.09669171     -0.00000000
     -0.06722422      0.24180306      0.36765290      0.36129648     -0.13421682
      0.35999729      0.33458209      0.03178534      0.32272626      0.00000000
      0.32916871      0.26909540     -0.19905733     -0.05335471      0.35138420
 ****************************************
   ************************************  
 Trace(P*S):
      2.00000000


 Localized Density Matrix
      1.00000000      0.75511907      0.27291108     -0.00533354      0.02666520      0.09958150      0.02666520     -0.00533354      0.27291108      0.75511907
      0.64721360      0.48872333      0.17663176     -0.00345194      0.01725808      0.06445050      0.01725808     -0.00345194      0.17663176      0.48872333
      0.00000000      0.00000000      0.00000000     -0.00000000      0.00000000      0.00000000      0.00000000     -0.00000000      0.00000000      0.00000000
     -0.24721360     -0.18667570     -0.06746733      0.00131852     -0.00659200     -0.02461790     -0.00659200      0.00131852     -0.06746733     -0.18667570
     -0.00000000     -0.00000000     -0.00000000      0.00000000     -0.00000000     -0.00000000     -0.00000000      0.00000000     -0.00000000     -0.00000000
      0.20000000      0.15102381      0.05458222     -0.00106671      0.00533304      0.01991630      0.00533304     -0.00106671      0.05458222      0.15102381
     -0.00000000     -0.00000000     -0.00000000      0.00000000     -0.00000000     -0.00000000     -0.00000000      0.00000000     -0.00000000     -0.00000000
     -0.24721360     -0.18667570     -0.06746733      0.00131852     -0.00659200     -0.02461790     -0.00659200      0.00131852     -0.06746733     -0.18667570
      0.00000000      0.00000000      0.00000000     -0.00000000      0.00000000      0.00000000      0.00000000     -0.00000000      0.00000000      0.00000000
      0.64721360      0.48872333      0.17663176     -0.00345194      0.01725808      0.06445050      0.01725808     -0.00345194      0.17663176      0.48872333
 ****************************************
   ************************************ 

 Diagonalized Fock:
       -0.605019        0.000000        0.000000        0.000000        0.000000        0.000000        0.000000        0.000000        0.000000        0.000000
        0.000000        0.073926        0.000000        0.000000        0.000000        0.000000        0.000000        0.000000        0.000000        0.000000
        0.000000        0.000000        0.073926        0.000000        0.000000        0.000000        0.000000        0.000000        0.000000        0.000000
        0.000000        0.000000        0.000000        0.496508        0.000000        0.000000        0.000000        0.000000        0.000000        0.000000
        0.000000        0.000000        0.000000        0.000000        0.496508        0.000000        0.000000        0.000000        0.000000        0.000000
        0.000000        0.000000        0.000000        0.000000        0.000000        0.740458        0.000000        0.000000        0.000000        0.000000
        0.000000        0.000000        0.000000        0.000000        0.000000        0.000000  1999999.323559        0.000000        0.000000        0.000000
        0.000000        0.000000        0.000000        0.000000        0.000000        0.000000        0.000000  1999999.369749        0.000000        0.000000
        0.000000        0.000000        0.000000        0.000000        0.000000        0.000000        0.000000        0.000000  1999999.530246        0.000000
        0.000000        0.000000        0.000000        0.000000        0.000000        0.000000        0.000000        0.000000        0.000000  1999999.585581
 Fock Eigen vectors:
       -0.542918       -0.440647       -0.499953        0.152825       -0.928276        0.776304        0.080752        0.000000        0.213130       -0.000000
       -0.351384       -0.339316        0.573574       -0.669265        0.661163       -0.776304        0.019008       -0.190242       -0.034343       -0.430700
       -0.000000        0.650355        0.145464        0.930068       -0.141508        0.776304       -0.118595       -0.307818       -0.408697       -0.266187
        0.134217       -0.062626       -0.663476       -0.835618       -0.432198       -0.776304       -0.240592       -0.307818       -0.324345        0.266187
        0.000000       -0.611650        0.264586        0.421989        0.840819        0.776304       -0.300385       -0.190242        0.186495        0.430700
       -0.108584        0.440647        0.499953        0.152825       -0.928276       -0.776304       -0.314040       -0.000000        0.486101       -0.000000
        0.000000        0.339316       -0.573574       -0.669265        0.661163        0.776304       -0.300385        0.190242        0.186495       -0.430700
        0.134217       -0.650355       -0.145464        0.930068       -0.141508       -0.776304       -0.240592        0.307818       -0.324345       -0.266187
       -0.000000        0.062626        0.663476       -0.835618       -0.432198        0.776304       -0.118595        0.307818       -0.408697        0.266187
       -0.351384        0.611650       -0.264586        0.421989        0.840819       -0.776304        0.019008        0.190242       -0.034343        0.430700
 Trace(P*S):
      2.00000000
 Fock Density Matrix
      0.99999998      0.75511906      0.27291111     -0.00533351      0.02666520      0.09958149      0.02666520     -0.00533351      0.27291111      0.75511906
      0.64721360      0.48872334      0.17663179     -0.00345192      0.01725808      0.06445049      0.01725808     -0.00345192      0.17663179      0.48872334
      0.00000004      0.00000003      0.00000001     -0.00000000      0.00000000      0.00000000      0.00000000     -0.00000000      0.00000001      0.00000003
     -0.24721356     -0.18667567     -0.06746733      0.00131852     -0.00659200     -0.02461789     -0.00659200      0.00131852     -0.06746733     -0.18667567
     -0.00000001     -0.00000001     -0.00000000      0.00000000     -0.00000000     -0.00000000     -0.00000000      0.00000000     -0.00000000     -0.00000001
      0.19999997      0.15102379      0.05458221     -0.00106670      0.00533304      0.01991629      0.00533304     -0.00106670      0.05458221      0.15102379
     -0.00000001     -0.00000000     -0.00000000      0.00000000     -0.00000000     -0.00000000     -0.00000000      0.00000000     -0.00000000     -0.00000000
     -0.24721356     -0.18667567     -0.06746733      0.00131852     -0.00659200     -0.02461789     -0.00659200      0.00131852     -0.06746733     -0.18667567
      0.00000004      0.00000003      0.00000001     -0.00000000      0.00000000      0.00000000      0.00000000     -0.00000000      0.00000001      0.00000003
      0.64721360      0.48872334      0.17663179     -0.00345192      0.01725808      0.06445049      0.01725808     -0.00345192      0.17663179      0.48872334
 ****************************************