BASIS Title
#BASIS SET: STO-3G

H1	1.0
H2	1.0

H1     5       
     33.8700000              0.0060680              
      5.0950000              0.0453080               
      1.1590000              0.2028220              
      0.3258000              0.5039030               
      0.1027000              0.3834210            
H2     5       
     33.8700000              0.0060680              
      5.0950000              0.0453080               
      1.1590000              0.2028220              
      0.3258000              0.5039030               
      0.1027000              0.3834210 